1
10000 2
7
10000 2 10001 5
10001 7 10002 3
10002 10 10003 2
10003 12 10004 7
10004 19 10005 10
10000 0 10005 5
10000 3 10004 16
10004
1
10000 2
7
10000 2 10001 5
10001 7 10002 3
10002 10 10003 2
10003 12 10004 7
10004 19 10005 10
10000 0 10005 5
10000 3 10004 16
10008
3
10002 0
10000 3
10004 4
2
10000 2 10004 3
10002 1 10004 3
10004
3
10002 0
10000 3
10004 4
2
10000 2 10004 3
10002 1 10004 2
10004
3
10002 0
10000 3
10004 4
0
10000
1
10001 15
1000
10001 15 10002 0
10002 15 10003 1
10003 16 10004 2
10004 18 10005 3
10005 21 10006 4
10006 25 10007 5
10007 30 10008 6
10008 36 10009 7
10009 43 10010 8
10010 51 10011 9
10011 60 10012 10
10012 70 10013 11
10013 81 10014 12
10014 93 10015 13
10015 106 10016 14
10016 120 10017 15
10017 135 10018 16
10018 151 10019 17
10019 168 10020 18
10020 186 10021 19
10021 205 10022 20
10022 225 10023 21
10023 246 10024 22
10024 268 10025 23
10025 291 10026 24
10026 315 10027 25
10027 340 10028 26
10028 366 10029 27
10029 393 10030 28
10030 421 10031 29
10031 450 10032 30
10032 480 10033 31
10033 511 10034 32
10034 543 10035 33
10035 576 10036 34
10036 610 10037 35
10037 645 10038 36
10038 681 10039 37
10039 718 10040 38
10040 756 10041 39
10041 795 10042 40
10042 835 10043 41
10043 876 10044 42
10044 918 10045 43
10045 961 10046 44
10046 1005 10047 45
10047 1050 10048 46
10048 1096 10049 47
10049 1143 10050 48
10050 1191 10051 49
10051 1240 10052 50
10052 1290 10053 51
10053 1341 10054 52
10054 1393 10055 53
10055 1446 10056 54
10056 1500 10057 55
10057 1555 10058 56
10058 1611 10059 57
10059 1668 10060 58
10060 1726 10061 59
10061 1785 10062 60
10062 1845 10063 61
10063 1906 10064 62
10064 1968 10065 63
10065 2031 10066 64
10066 2095 10067 65
10067 2160 10068 66
10068 2226 10069 67
10069 2293 10070 68
10070 2361 10071 69
10071 2430 10072 70
10072 2500 10073 71
10073 2571 10074 72
10074 2643 10075 73
10075 2716 10076 74
10076 2790 10077 75
10077 2865 10078 76
10078 2941 10079 77
10079 3018 10080 78
10080 3096 10081 79
10081 3175 10082 80
10082 3255 10083 81
10083 3336 10084 82
10084 3418 10085 83
10085 3501 10086 84
10086 3585 10087 85
10087 3670 10088 86
10088 3756 10089 87
10089 3843 10090 88
10090 3931 10091 89
10091 4020 10092 90
10092 4110 10093 91
10093 4201 10094 92
10094 4293 10095 93
10095 4386 10096 94
10096 4480 10097 95
10097 4575 10098 96
10098 4671 10099 97
10099 4768 10100 98
10100 4866 10101 99
10101 4965 10102 100
10102 5065 10103 101
10103 5166 10104 102
10104 5268 10105 103
10105 5371 10106 104
10106 5475 10107 105
10107 5580 10108 106
10108 5686 10109 107
10109 5793 10110 108
10110 5901 10111 109
10111 6010 10112 110
10112 6120 10113 111
10113 6231 10114 112
10114 6343 10115 113
10115 6456 10116 114
10116 6570 10117 115
10117 6685 10118 116
10118 6801 10119 117
10119 6918 10120 118
10120 7036 10121 119
10121 7155 10122 120
10122 7275 10123 121
10123 7396 10124 122
10124 7518 10125 123
10125 7641 10126 124
10126 7765 10127 125
10127 7890 10128 126
10128 8016 10129 127
10129 8143 10130 128
10130 8271 10131 129
10131 8400 10132 130
10132 8530 10133 131
10133 8661 10134 132
10134 8793 10135 133
10135 8926 10136 134
10136 9060 10137 135
10137 9195 10138 136
10138 9331 10139 137
10139 9468 10140 138
10140 9606 10141 139
10141 9745 10142 140
10142 9885 10143 141
10143 10026 10144 142
10144 10168 10145 143
10145 10311 10146 144
10146 10455 10147 145
10147 10600 10148 146
10148 10746 10149 147
10149 10893 10150 148
10150 11041 10151 149
10151 11190 10152 150
10152 11340 10153 151
10153 11491 10154 152
10154 11643 10155 153
10155 11796 10156 154
10156 11950 10157 155
10157 12105 10158 156
10158 12261 10159 157
10159 12418 10160 158
10160 12576 10161 159
10161 12735 10162 160
10162 12895 10163 161
10163 13056 10164 162
10164 13218 10165 163
10165 13381 10166 164
10166 13545 10167 165
10167 13710 10168 166
10168 13876 10169 167
10169 14043 10170 168
10170 14211 10171 169
10171 14380 10172 170
10172 14550 10173 171
10173 14721 10174 172
10174 14893 10175 173
10175 15066 10176 174
10176 15240 10177 175
10177 15415 10178 176
10178 15591 10179 177
10179 15768 10180 178
10180 15946 10181 179
10181 16125 10182 180
10182 16305 10183 181
10183 16486 10184 182
10184 16668 10185 183
10185 16851 10186 184
10186 17035 10187 185
10187 17220 10188 186
10188 17406 10189 187
10189 17593 10190 188
10190 17781 10191 189
10191 17970 10192 190
10192 18160 10193 191
10193 18351 10194 192
10194 18543 10195 193
10195 18736 10196 194
10196 18930 10197 195
10197 19125 10198 196
10198 19321 10199 197
10199 19518 10200 198
10200 19716 10201 199
10201 19915 10202 200
10202 20115 10203 201
10203 20316 10204 202
10204 20518 10205 203
10205 20721 10206 204
10206 20925 10207 205
10207 21130 10208 206
10208 21336 10209 207
10209 21543 10210 208
10210 21751 10211 209
10211 21960 10212 210
10212 22170 10213 211
10213 22381 10214 212
10214 22593 10215 213
10215 22806 10216 214
10216 23020 10217 215
10217 23235 10218 216
10218 23451 10219 217
10219 23668 10220 218
10220 23886 10221 219
10221 24105 10222 220
10222 24325 10223 221
10223 24546 10224 222
10224 24768 10225 223
10225 24991 10226 224
10226 25215 10227 225
10227 25440 10228 226
10228 25666 10229 227
10229 25893 10230 228
10230 26121 10231 229
10231 26350 10232 230
10232 26580 10233 231
10233 26811 10234 232
10234 27043 10235 233
10235 27276 10236 234
10236 27510 10237 235
10237 27745 10238 236
10238 27981 10239 237
10239 28218 10240 238
10240 28456 10241 239
10241 28695 10242 240
10242 28935 10243 241
10243 29176 10244 242
10244 29418 10245 243
10245 29661 10246 244
10246 29905 10247 245
10247 30150 10248 246
10248 30396 10249 247
10249 30643 10250 248
10250 30891 10251 249
10251 31140 10252 250
10252 31390 10253 251
10253 31641 10254 252
10254 31893 10255 253
10255 32146 10256 254
10256 32400 10257 255
10257 32655 10258 256
10258 32911 10259 257
10259 33168 10260 258
10260 33426 10261 259
10261 33685 10262 260
10262 33945 10263 261
10263 34206 10264 262
10264 34468 10265 263
10265 34731 10266 264
10266 34995 10267 265
10267 35260 10268 266
10268 35526 10269 267
10269 35793 10270 268
10270 36061 10271 269
10271 36330 10272 270
10272 36600 10273 271
10273 36871 10274 272
10274 37143 10275 273
10275 37416 10276 274
10276 37690 10277 275
10277 37965 10278 276
10278 38241 10279 277
10279 38518 10280 278
10280 38796 10281 279
10281 39075 10282 280
10282 39355 10283 281
10283 39636 10284 282
10284 39918 10285 283
10285 40201 10286 284
10286 40485 10287 285
10287 40770 10288 286
10288 41056 10289 287
10289 41343 10290 288
10290 41631 10291 289
10291 41920 10292 290
10292 42210 10293 291
10293 42501 10294 292
10294 42793 10295 293
10295 43086 10296 294
10296 43380 10297 295
10297 43675 10298 296
10298 43971 10299 297
10299 44268 10300 298
10300 44566 10301 299
10301 44865 10302 300
10302 45165 10303 301
10303 45466 10304 302
10304 45768 10305 303
10305 46071 10306 304
10306 46375 10307 305
10307 46680 10308 306
10308 46986 10309 307
10309 47293 10310 308
10310 47601 10311 309
10311 47910 10312 310
10312 48220 10313 311
10313 48531 10314 312
10314 48843 10315 313
10315 49156 10316 314
10316 49470 10317 315
10317 49785 10318 316
10318 50101 10319 317
10319 50418 10320 318
10320 50736 10321 319
10321 51055 10322 320
10322 51375 10323 321
10323 51696 10324 322
10324 52018 10325 323
10325 52341 10326 324
10326 52665 10327 325
10327 52990 10328 326
10328 53316 10329 327
10329 53643 10330 328
10330 53971 10331 329
10331 54300 10332 330
10332 54630 10333 331
10333 54961 10334 332
10334 55293 10335 333
10335 55626 10336 334
10336 55960 10337 335
10337 56295 10338 336
10338 56631 10339 337
10339 56968 10340 338
10340 57306 10341 339
10341 57645 10342 340
10342 57985 10343 341
10343 58326 10344 342
10344 58668 10345 343
10345 59011 10346 344
10346 59355 10347 345
10347 59700 10348 346
10348 60046 10349 347
10349 60393 10350 348
10350 60741 10351 349
10351 61090 10352 350
10352 61440 10353 351
10353 61791 10354 352
10354 62143 10355 353
10355 62496 10356 354
10356 62850 10357 355
10357 63205 10358 356
10358 63561 10359 357
10359 63918 10360 358
10360 64276 10361 359
10361 64635 10362 360
10362 64995 10363 361
10363 65356 10364 362
10364 65718 10365 363
10365 66081 10366 364
10366 66445 10367 365
10367 66810 10368 366
10368 67176 10369 367
10369 67543 10370 368
10370 67911 10371 369
10371 68280 10372 370
10372 68650 10373 371
10373 69021 10374 372
10374 69393 10375 373
10375 69766 10376 374
10376 70140 10377 375
10377 70515 10378 376
10378 70891 10379 377
10379 71268 10380 378
10380 71646 10381 379
10381 72025 10382 380
10382 72405 10383 381
10383 72786 10384 382
10384 73168 10385 383
10385 73551 10386 384
10386 73935 10387 385
10387 74320 10388 386
10388 74706 10389 387
10389 75093 10390 388
10390 75481 10391 389
10391 75870 10392 390
10392 76260 10393 391
10393 76651 10394 392
10394 77043 10395 393
10395 77436 10396 394
10396 77830 10397 395
10397 78225 10398 396
10398 78621 10399 397
10399 79018 10400 398
10400 79416 10401 399
10401 79815 10402 400
10402 80215 10403 401
10403 80616 10404 402
10404 81018 10405 403
10405 81421 10406 404
10406 81825 10407 405
10407 82230 10408 406
10408 82636 10409 407
10409 83043 10410 408
10410 83451 10411 409
10411 83860 10412 410
10412 84270 10413 411
10413 84681 10414 412
10414 85093 10415 413
10415 85506 10416 414
10416 85920 10417 415
10417 86335 10418 416
10418 86751 10419 417
10419 87168 10420 418
10420 87586 10421 419
10421 88005 10422 420
10422 88425 10423 421
10423 88846 10424 422
10424 89268 10425 423
10425 89691 10426 424
10426 90115 10427 425
10427 90540 10428 426
10428 90966 10429 427
10429 91393 10430 428
10430 91821 10431 429
10431 92250 10432 430
10432 92680 10433 431
10433 93111 10434 432
10434 93543 10435 433
10435 93976 10436 434
10436 94410 10437 435
10437 94845 10438 436
10438 95281 10439 437
10439 95718 10440 438
10440 96156 10441 439
10441 96595 10442 440
10442 97035 10443 441
10443 97476 10444 442
10444 97918 10445 443
10445 98361 10446 444
10446 98805 10447 445
10447 99250 10448 446
10448 99696 10449 447
10449 100143 10450 448
10450 100591 10451 449
10451 101040 10452 450
10452 101490 10453 451
10453 101941 10454 452
10454 102393 10455 453
10455 102846 10456 454
10456 103300 10457 455
10457 103755 10458 456
10458 104211 10459 457
10459 104668 10460 458
10460 105126 10461 459
10461 105585 10462 460
10462 106045 10463 461
10463 106506 10464 462
10464 106968 10465 463
10465 107431 10466 464
10466 107895 10467 465
10467 108360 10468 466
10468 108826 10469 467
10469 109293 10470 468
10470 109761 10471 469
10471 110230 10472 470
10472 110700 10473 471
10473 111171 10474 472
10474 111643 10475 473
10475 112116 10476 474
10476 112590 10477 475
10477 113065 10478 476
10478 113541 10479 477
10479 114018 10480 478
10480 114496 10481 479
10481 114975 10482 480
10482 115455 10483 481
10483 115936 10484 482
10484 116418 10485 483
10485 116901 10486 484
10486 117385 10487 485
10487 117870 10488 486
10488 118356 10489 487
10489 118843 10490 488
10490 119331 10491 489
10491 119820 10492 490
10492 120310 10493 491
10493 120801 10494 492
10494 121293 10495 493
10495 121786 10496 494
10496 122280 10497 495
10497 122775 10498 496
10498 123271 10499 497
10499 123768 10500 498
10500 124266 10501 499
10501 124765 10502 500
10502 125265 10503 501
10503 125766 10504 502
10504 126268 10505 503
10505 126771 10506 504
10506 127275 10507 505
10507 127780 10508 506
10508 128286 10509 507
10509 128793 10510 508
10510 129301 10511 509
10511 129810 10512 510
10512 130320 10513 511
10513 130831 10514 512
10514 131343 10515 513
10515 131856 10516 514
10516 132370 10517 515
10517 132885 10518 516
10518 133401 10519 517
10519 133918 10520 518
10520 134436 10521 519
10521 134955 10522 520
10522 135475 10523 521
10523 135996 10524 522
10524 136518 10525 523
10525 137041 10526 524
10526 137565 10527 525
10527 138090 10528 526
10528 138616 10529 527
10529 139143 10530 528
10530 139671 10531 529
10531 140200 10532 530
10532 140730 10533 531
10533 141261 10534 532
10534 141793 10535 533
10535 142326 10536 534
10536 142860 10537 535
10537 143395 10538 536
10538 143931 10539 537
10539 144468 10540 538
10540 145006 10541 539
10541 145545 10542 540
10542 146085 10543 541
10543 146626 10544 542
10544 147168 10545 543
10545 147711 10546 544
10546 148255 10547 545
10547 148800 10548 546
10548 149346 10549 547
10549 149893 10550 548
10550 150441 10551 549
10551 150990 10552 550
10552 151540 10553 551
10553 152091 10554 552
10554 152643 10555 553
10555 153196 10556 554
10556 153750 10557 555
10557 154305 10558 556
10558 154861 10559 557
10559 155418 10560 558
10560 155976 10561 559
10561 156535 10562 560
10562 157095 10563 561
10563 157656 10564 562
10564 158218 10565 563
10565 158781 10566 564
10566 159345 10567 565
10567 159910 10568 566
10568 160476 10569 567
10569 161043 10570 568
10570 161611 10571 569
10571 162180 10572 570
10572 162750 10573 571
10573 163321 10574 572
10574 163893 10575 573
10575 164466 10576 574
10576 165040 10577 575
10577 165615 10578 576
10578 166191 10579 577
10579 166768 10580 578
10580 167346 10581 579
10581 167925 10582 580
10582 168505 10583 581
10583 169086 10584 582
10584 169668 10585 583
10585 170251 10586 584
10586 170835 10587 585
10587 171420 10588 586
10588 172006 10589 587
10589 172593 10590 588
10590 173181 10591 589
10591 173770 10592 590
10592 174360 10593 591
10593 174951 10594 592
10594 175543 10595 593
10595 176136 10596 594
10596 176730 10597 595
10597 177325 10598 596
10598 177921 10599 597
10599 178518 10600 598
10600 179116 10601 599
10601 179715 10602 600
10602 180315 10603 601
10603 180916 10604 602
10604 181518 10605 603
10605 182121 10606 604
10606 182725 10607 605
10607 183330 10608 606
10608 183936 10609 607
10609 184543 10610 608
10610 185151 10611 609
10611 185760 10612 610
10612 186370 10613 611
10613 186981 10614 612
10614 187593 10615 613
10615 188206 10616 614
10616 188820 10617 615
10617 189435 10618 616
10618 190051 10619 617
10619 190668 10620 618
10620 191286 10621 619
10621 191905 10622 620
10622 192525 10623 621
10623 193146 10624 622
10624 193768 10625 623
10625 194391 10626 624
10626 195015 10627 625
10627 195640 10628 626
10628 196266 10629 627
10629 196893 10630 628
10630 197521 10631 629
10631 198150 10632 630
10632 198780 10633 631
10633 199411 10634 632
10634 200043 10635 633
10635 200676 10636 634
10636 201310 10637 635
10637 201945 10638 636
10638 202581 10639 637
10639 203218 10640 638
10640 203856 10641 639
10641 204495 10642 640
10642 205135 10643 641
10643 205776 10644 642
10644 206418 10645 643
10645 207061 10646 644
10646 207705 10647 645
10647 208350 10648 646
10648 208996 10649 647
10649 209643 10650 648
10650 210291 10651 649
10651 210940 10652 650
10652 211590 10653 651
10653 212241 10654 652
10654 212893 10655 653
10655 213546 10656 654
10656 214200 10657 655
10657 214855 10658 656
10658 215511 10659 657
10659 216168 10660 658
10660 216826 10661 659
10661 217485 10662 660
10662 218145 10663 661
10663 218806 10664 662
10664 219468 10665 663
10665 220131 10666 664
10666 220795 10667 665
10667 221460 10668 666
10668 222126 10669 667
10669 222793 10670 668
10670 223461 10671 669
10671 224130 10672 670
10672 224800 10673 671
10673 225471 10674 672
10674 226143 10675 673
10675 226816 10676 674
10676 227490 10677 675
10677 228165 10678 676
10678 228841 10679 677
10679 229518 10680 678
10680 230196 10681 679
10681 230875 10682 680
10682 231555 10683 681
10683 232236 10684 682
10684 232918 10685 683
10685 233601 10686 684
10686 234285 10687 685
10687 234970 10688 686
10688 235656 10689 687
10689 236343 10690 688
10690 237031 10691 689
10691 237720 10692 690
10692 238410 10693 691
10693 239101 10694 692
10694 239793 10695 693
10695 240486 10696 694
10696 241180 10697 695
10697 241875 10698 696
10698 242571 10699 697
10699 243268 10700 698
10700 243966 10701 699
10701 244665 10702 700
10702 245365 10703 701
10703 246066 10704 702
10704 246768 10705 703
10705 247471 10706 704
10706 248175 10707 705
10707 248880 10708 706
10708 249586 10709 707
10709 250293 10710 708
10710 251001 10711 709
10711 251710 10712 710
10712 252420 10713 711
10713 253131 10714 712
10714 253843 10715 713
10715 254556 10716 714
10716 255270 10717 715
10717 255985 10718 716
10718 256701 10719 717
10719 257418 10720 718
10720 258136 10721 719
10721 258855 10722 720
10722 259575 10723 721
10723 260296 10724 722
10724 261018 10725 723
10725 261741 10726 724
10726 262465 10727 725
10727 263190 10728 726
10728 263916 10729 727
10729 264643 10730 728
10730 265371 10731 729
10731 266100 10732 730
10732 266830 10733 731
10733 267561 10734 732
10734 268293 10735 733
10735 269026 10736 734
10736 269760 10737 735
10737 270495 10738 736
10738 271231 10739 737
10739 271968 10740 738
10740 272706 10741 739
10741 273445 10742 740
10742 274185 10743 741
10743 274926 10744 742
10744 275668 10745 743
10745 276411 10746 744
10746 277155 10747 745
10747 277900 10748 746
10748 278646 10749 747
10749 279393 10750 748
10750 280141 10751 749
10751 280890 10752 750
10752 281640 10753 751
10753 282391 10754 752
10754 283143 10755 753
10755 283896 10756 754
10756 284650 10757 755
10757 285405 10758 756
10758 286161 10759 757
10759 286918 10760 758
10760 287676 10761 759
10761 288435 10762 760
10762 289195 10763 761
10763 289956 10764 762
10764 290718 10765 763
10765 291481 10766 764
10766 292245 10767 765
10767 293010 10768 766
10768 293776 10769 767
10769 294543 10770 768
10770 295311 10771 769
10771 296080 10772 770
10772 296850 10773 771
10773 297621 10774 772
10774 298393 10775 773
10775 299166 10776 774
10776 299940 10777 775
10777 300715 10778 776
10778 301491 10779 777
10779 302268 10780 778
10780 303046 10781 779
10781 303825 10782 780
10782 304605 10783 781
10783 305386 10784 782
10784 306168 10785 783
10785 306951 10786 784
10786 307735 10787 785
10787 308520 10788 786
10788 309306 10789 787
10789 310093 10790 788
10790 310881 10791 789
10791 311670 10792 790
10792 312460 10793 791
10793 313251 10794 792
10794 314043 10795 793
10795 314836 10796 794
10796 315630 10797 795
10797 316425 10798 796
10798 317221 10799 797
10799 318018 10800 798
10800 318816 10801 799
10801 319615 10802 800
10802 320415 10803 801
10803 321216 10804 802
10804 322018 10805 803
10805 322821 10806 804
10806 323625 10807 805
10807 324430 10808 806
10808 325236 10809 807
10809 326043 10810 808
10810 326851 10811 809
10811 327660 10812 810
10812 328470 10813 811
10813 329281 10814 812
10814 330093 10815 813
10815 330906 10816 814
10816 331720 10817 815
10817 332535 10818 816
10818 333351 10819 817
10819 334168 10820 818
10820 334986 10821 819
10821 335805 10822 820
10822 336625 10823 821
10823 337446 10824 822
10824 338268 10825 823
10825 339091 10826 824
10826 339915 10827 825
10827 340740 10828 826
10828 341566 10829 827
10829 342393 10830 828
10830 343221 10831 829
10831 344050 10832 830
10832 344880 10833 831
10833 345711 10834 832
10834 346543 10835 833
10835 347376 10836 834
10836 348210 10837 835
10837 349045 10838 836
10838 349881 10839 837
10839 350718 10840 838
10840 351556 10841 839
10841 352395 10842 840
10842 353235 10843 841
10843 354076 10844 842
10844 354918 10845 843
10845 355761 10846 844
10846 356605 10847 845
10847 357450 10848 846
10848 358296 10849 847
10849 359143 10850 848
10850 359991 10851 849
10851 360840 10852 850
10852 361690 10853 851
10853 362541 10854 852
10854 363393 10855 853
10855 364246 10856 854
10856 365100 10857 855
10857 365955 10858 856
10858 366811 10859 857
10859 367668 10860 858
10860 368526 10861 859
10861 369385 10862 860
10862 370245 10863 861
10863 371106 10864 862
10864 371968 10865 863
10865 372831 10866 864
10866 373695 10867 865
10867 374560 10868 866
10868 375426 10869 867
10869 376293 10870 868
10870 377161 10871 869
10871 378030 10872 870
10872 378900 10873 871
10873 379771 10874 872
10874 380643 10875 873
10875 381516 10876 874
10876 382390 10877 875
10877 383265 10878 876
10878 384141 10879 877
10879 385018 10880 878
10880 385896 10881 879
10881 386775 10882 880
10882 387655 10883 881
10883 388536 10884 882
10884 389418 10885 883
10885 390301 10886 884
10886 391185 10887 885
10887 392070 10888 886
10888 392956 10889 887
10889 393843 10890 888
10890 394731 10891 889
10891 395620 10892 890
10892 396510 10893 891
10893 397401 10894 892
10894 398293 10895 893
10895 399186 10896 894
10896 400080 10897 895
10897 400975 10898 896
10898 401871 10899 897
10899 402768 10900 898
10900 403666 10901 899
10901 404565 10902 900
10902 405465 10903 901
10903 406366 10904 902
10904 407268 10905 903
10905 408171 10906 904
10906 409075 10907 905
10907 409980 10908 906
10908 410886 10909 907
10909 411793 10910 908
10910 412701 10911 909
10911 413610 10912 910
10912 414520 10913 911
10913 415431 10914 912
10914 416343 10915 913
10915 417256 10916 914
10916 418170 10917 915
10917 419085 10918 916
10918 420001 10919 917
10919 420918 10920 918
10920 421836 10921 919
10921 422755 10922 920
10922 423675 10923 921
10923 424596 10924 922
10924 425518 10925 923
10925 426441 10926 924
10926 427365 10927 925
10927 428290 10928 926
10928 429216 10929 927
10929 430143 10930 928
10930 431071 10931 929
10931 432000 10932 930
10932 432930 10933 931
10933 433861 10934 932
10934 434793 10935 933
10935 435726 10936 934
10936 436660 10937 935
10937 437595 10938 936
10938 438531 10939 937
10939 439468 10940 938
10940 440406 10941 939
10941 441345 10942 940
10942 442285 10943 941
10943 443226 10944 942
10944 444168 10945 943
10945 445111 10946 944
10946 446055 10947 945
10947 447000 10948 946
10948 447946 10949 947
10949 448893 10950 948
10950 449841 10951 949
10951 450790 10952 950
10952 451740 10953 951
10953 452691 10954 952
10954 453643 10955 953
10955 454596 10956 954
10956 455550 10957 955
10957 456505 10958 956
10958 457461 10959 957
10959 458418 10960 958
10960 459376 10961 959
10961 460335 10962 960
10962 461295 10963 961
10963 462256 10964 962
10964 463218 10965 963
10965 464181 10966 964
10966 465145 10967 965
10967 466110 10968 966
10968 467076 10969 967
10969 468043 10970 968
10970 469011 10971 969
10971 469980 10972 970
10972 470950 10973 971
10973 471921 10974 972
10974 472893 10975 973
10975 473866 10976 974
10976 474840 10977 975
10977 475815 10978 976
10978 476791 10979 977
10979 477768 10980 978
10980 478746 10981 979
10981 479725 10982 980
10982 480705 10983 981
10983 481686 10984 982
10984 482668 10985 983
10985 483651 10986 984
10986 484635 10987 985
10987 485620 10988 986
10988 486606 10989 987
10989 487593 10990 988
10990 488581 10991 989
10991 489570 10992 990
10992 490560 10993 991
10993 491551 10994 992
10994 492543 10995 993
10995 493536 10996 994
10996 494530 10997 995
10997 495525 10998 996
10998 496521 10999 997
10999 497518 11000 998
11000 498516 11001 999
11001
1
00000 0
4
00000 0 00001 3
00001 3 00002 4
00002 7 00003 1
00000 0 00003 5
00003
0
